TIG1GE    1
YYFJNT    1
92KMWV    1
9E1D5C    1
UK0S4Z    1
         ..
L8LO1B    1
QWQ49D    1
LW1N4J    1
V9XOR3    1
16DJV7    1
Name: ID, Length: 13639, dtype: int64
====================
0    9239
1    4400
Name: Survive, dtype: int64
====================
1    8869
0    4770
Name: Gender, dtype: int64
====================
0    9203
1    4436
Name: Smoke, dtype: int64
====================
Normal          7985
Pre-diabetes    2852
Diabetes        2802
Name: Diabetes, dtype: int64
====================
60    1585
50    1252
65    1195
70    1162
45     856
55     763
58     513
75     499
53     451
63     335
42     334
40     321
80     315
72     313
85     278
52     227
62     220
68     217
73     198
61     189
59     177
49     160
69     159
64     154
51     153
90     150
46     137
82     117
77     105
78      95
48      93
66      87
57      85
44      85
95      81
67      78
54      75
86      58
79      52
94      51
47      48
56      46
81      45
87      44
41      43
43      38
Name: Age, dtype: int64
====================
Low       12031
Normal     1551
High         57
Name: Ejection Fraction, dtype: int64
====================
136    1800
137    1731
140    1557
134    1536
139    1021
138    1015
135     725
132     655
141     552
142     501
133     461
130     420
145     409
131     231
144     223
127     158
143     137
129      91
128      84
125      53
121      51
116      49
146      39
113      38
148      37
124      33
126      32
Name: Sodium, dtype: int64
====================
1.00    2286
1.10    1448
0.90    1436
1.20    1070
0.80    1030
1.30     946
0.70     868
1.18     485
1.70     440
1.40     413
1.83     381
1.90     264
1.60     244
2.10     226
1.50     207
0.60     178
2.50     174
1.80     172
2.30     151
2.70     140
2.40     100
3.50      95
3.00      86
5.80      64
2.20      63
2.90      59
3.40      52
3.20      51
3.70      50
4.00      48
6.10      47
4.40      47
5.00      47
9.40      44
9.00      44
0.50      40
6.80      40
0.75      35
2.00      35
3.80      33
Name: Creatinine, dtype: int64
====================
263358.03    1135
255000.00     204
235000.00     203
279000.00     193
226000.00     186
             ... 
225000.00      33
264000.00      32
328000.00      32
427000.00      32
126000.00      31
Name: Pletelets, Length: 176, dtype: int64
====================
582    2119
66      189
129     189
47      151
60      148
       ... 
588      32
607      32
754      32
128      31
58       30
Name: Creatinine phosphokinase, Length: 208, dtype: int64
====================
41     138
87     138
91     135
78     133
77     129
      ... 
170     64
128     63
121     61
127     60
179     59
Name: Blood Pressure, Length: 139, dtype: int64
====================
10.9    221
10.4    219
9.6     216
11.0    216
10.6    214
       ... 
16.7    119
11.9    113
9.0      97
17.5     59
12.0     48
Name: Hemoglobin, Length: 86, dtype: int64
====================
157    260
138    255
140    253
137    253
142    251
173    246
174    246
160    246
170    245
133    244
178    243
176    241
165    239
188    238
172    237
183    237
131    237
164    235
177    235
148    235
168    234
166    234
130    232
181    232
158    232
179    232
161    230
154    229
167    229
152    228
186    228
147    226
187    225
145    225
136    224
134    224
163    222
159    221
141    218
144    218
171    217
150    217
153    217
155    217
149    216
146    216
189    215
184    213
182    212
180    212
156    211
139    210
162    209
175    209
135    208
132    207
169    206
143    205
185    205
151    198
Name: Height, dtype: int64
====================
64     234
52     231
59     229
60     221
66     218
      ... 
137      6
140      2
19       2
141      2
20       1
Name: Weight, Length: 123, dtype: int64
====================
yellow    2299
blue      2293
red       2293
green     2275
white     2245
black     2234
Name: Favorite color, dtype: int64
====================
