DADB9X    4
BESU8H    4
FHKHIH    4
OLUT4G    4
KKJW0H    3
         ..
G3OLPL    1
M2A18A    1
G1YTFM    1
82S9ZP    1
16DJV7    1
Name: ID, Length: 14042, dtype: int64
====================
0      9581
1      4552
No      604
Yes     263
Name: Survive, dtype: int64
====================
Male      9757
Female    5243
Name: Gender, dtype: int64
====================
No     9710
Yes    4707
NO      399
YES     184
Name: Smoke, dtype: int64
====================
Normal          8789
Pre-diabetes    3124
Diabetes        3087
Name: Diabetes, dtype: int64
====================
 60    1681
 50    1329
 65    1287
 70    1231
 45     927
       ... 
-81       2
-95       1
-41       1
-47       1
-67       1
Name: Age, Length: 87, dtype: int64
====================
Low       12734
Normal     1658
L           482
N            66
High         60
Name: Ejection Fraction, dtype: int64
====================
136    1970
137    1931
140    1721
134    1669
139    1130
138    1129
135     789
132     713
141     613
142     545
133     503
130     453
145     449
131     258
144     250
127     178
143     148
129      96
128      89
125      59
121      55
116      53
146      46
113      41
148      40
124      36
126      36
Name: Sodium, dtype: int64
====================
1.00    2425
1.10    1559
0.90    1524
1.20    1140
0.80    1110
1.30    1004
0.70     925
1.18     524
1.70     464
1.40     436
1.83     399
1.90     285
1.60     257
2.10     241
1.50     227
0.60     182
2.50     179
1.80     172
2.30     161
2.70     145
2.40     108
3.50     103
3.00      93
5.80      67
2.20      65
2.90      63
3.20      54
3.40      52
3.70      52
9.40      50
6.10      49
4.00      49
5.00      49
9.00      47
4.40      47
6.80      46
0.50      43
0.75      37
3.80      34
2.00      34
Name: Creatinine, dtype: int64
====================
263358.03    1245
255000.00     223
235000.00     223
226000.00     209
279000.00     208
             ... 
126000.00      36
264000.00      36
338000.00      36
236000.00      35
461000.00      34
Name: Pletelets, Length: 176, dtype: int64
====================
582    2331
129     211
66      201
47      166
60      164
       ... 
943      36
88       35
371      34
128      34
58       32
Name: Creatinine phosphokinase, Length: 208, dtype: int64
====================
91     156
87     148
72     147
78     147
41     146
      ... 
163     72
176     72
121     69
127     67
179     65
Name: Blood Pressure, Length: 139, dtype: int64
====================
11.0    248
10.4    247
9.9     240
9.6     239
10.6    239
       ... 
16.7    130
11.9    124
9.0     106
17.5     65
12.0     59
Name: Hemoglobin, Length: 86, dtype: int64
====================
157    296
140    280
137    280
138    279
173    272
188    272
170    272
133    270
177    270
174    270
160    268
142    264
186    264
131    264
165    263
178    263
183    261
164    259
130    258
176    257
136    254
158    254
148    254
154    254
152    253
168    252
167    252
181    251
163    251
172    250
161    249
179    249
159    248
145    248
166    247
184    246
187    245
147    243
144    242
134    242
146    241
135    241
171    240
153    240
141    239
150    235
149    235
155    235
182    232
169    232
189    232
139    231
180    231
156    229
143    227
185    225
175    224
132    224
162    224
151    217
Name: Height, dtype: int64
====================
64     261
52     254
59     245
55     241
66     239
      ... 
137      7
140      3
19       3
141      2
20       1
Name: Weight, Length: 123, dtype: int64
====================
blue      2532
yellow    2530
green     2507
red       2491
white     2476
black     2464
Name: Favorite color, dtype: int64
====================
